# This file may be used to create an environment using:
# $ conda create --name <env> --file <this file>
# platform: win-64
aom=3.6.1=h63175ca_0
bzip2=1.0.8=h8ffe710_4
ca-certificates=2023.7.22=h56e8100_0
cairo=1.18.0=h1fef639_0
dav1d=1.2.1=hcfcfb64_0
expat=2.5.0=h63175ca_1
font-ttf-dejavu-sans-mono=2.37=hab24e00_0
font-ttf-inconsolata=3.000=h77eed37_0
font-ttf-source-code-pro=2.038=h77eed37_0
font-ttf-ubuntu=0.83=hab24e00_0
fontconfig=2.14.2=hbde0cde_0
fonts-conda-ecosystem=1=0
fonts-conda-forge=1=0
freetype=2.12.1=hdaf720e_2
gettext=0.21.1=h5728263_0
graphite2=1.3.13=1000
harfbuzz=8.2.1=h7ab893a_0
icu=73.2=h63175ca_0
intel-openmp=2023.2.0=h57928b3_50496
lerc=4.0.0=h63175ca_0
libavif=1.0.1=hea6d26e_2
libblas=3.9.0=18_win64_mkl
libcblas=3.9.0=18_win64_mkl
libdeflate=1.19=hcfcfb64_0
libexpat=2.5.0=h63175ca_1
libffi=3.4.2=h8ffe710_5
libflac=1.4.3=h63175ca_0
libglib=2.78.0=he8f3873_0
libhwloc=2.9.3=default_haede6df_1009
libiconv=1.17=h8ffe710_0
libjpeg-turbo=3.0.0=hcfcfb64_1
liblapack=3.9.0=18_win64_mkl
libmad=0.15.1b=hcfcfb64_1001
libogg=1.3.4=h8ffe710_1
libpng=1.6.39=h19919ed_0
libsqlite=3.43.2=hcfcfb64_0
libtiff=4.6.0=h6e2ebb7_2
libvorbis=1.3.7=h0e60522_0
libwebp-base=1.3.2=hcfcfb64_0
libxml2=2.11.5=hc3477c8_1
libzlib=1.2.13=hcfcfb64_5
mkl=2022.1.0=h6a75c08_874
mpg123=1.32.3=h63175ca_0
numpy=1.26.0=py312h8753938_0
openssl=3.1.3=hcfcfb64_0
pcre2=10.40=h17e33f8_0
pip=23.2.1=pyhd8ed1ab_0
pixman=0.42.2=h63175ca_0
portmidi=2.0.4=h63175ca_2
pthreads-win32=2.9.1=hfa6e2cd_3
pygame=2.5.2=py312he0927ec_2
python=3.12.0=h2628c8c_0_cpython
python_abi=3.12=4_cp312
rav1e=0.6.6=h975169c_2
sdl2=2.28.4=h63175ca_0
sdl2_image=2.6.3=he19da31_4
sdl2_mixer=2.6.3=he8f0768_1
sdl2_ttf=2.20.2=hd5f56a6_2
setuptools=68.2.2=pyhd8ed1ab_0
svt-av1=1.7.0=h63175ca_0
tbb=2021.10.0=h91493d7_1
tk=8.6.13=hcfcfb64_0
tzdata=2023c=h71feb2d_0
ucrt=10.0.22621.0=h57928b3_0
vc=14.3=h64f974e_17
vc14_runtime=14.36.32532=hdcecf7f_17
vs2015_runtime=14.36.32532=h05e6639_17
wheel=0.41.2=pyhd8ed1ab_0
xz=5.2.6=h8d14728_0
zlib=1.2.13=hcfcfb64_5
zstd=1.5.5=h12be248_0
